<?xml version="1.0" encoding="utf-8"?>
<COLLADA xmlns="http://www.collada.org/2005/11/COLLADASchema" version="1.4.1">
  <asset>
    <contributor>
      <author>Mixamo</author>
      <authoring_tool>COLLADA Mixamo exporter</authoring_tool>
      <comments/>
    </contributor>
    <created>2023-07-03T13:35:20Z</created>
    <modified>2023-07-03T13:35:20Z</modified>
    <revision/>
    <title/>
    <unit meter="0.010000"/>
    <up_axis>Y_UP</up_axis>
  </asset>
  <library_animations>
    <animation id="mixamorig_Hips-anim" name="mixamorig_Hips">
      <source id="mixamorig_Hips-Matrix-animation-input">
        <float_array id="mixamorig_Hips-Matrix-animation-input-array" count="22">

0.000000 0.033333 0.066667 0.100000 0.133333 0.166667 0.200000 0.233333 0.266667 0.300000 0.333333 0.366667 0.400000 0.433333 0.466667 0.500000
0.533333 0.566667 0.600000 0.633333 0.666667 0.700000</float_array>
        <technique_common>
          <accessor source="#mixamorig_Hips-Matrix-animation-input-array" count="22">
            <param name="TIME" type="float"/>
          </accessor>
        </technique_common>
      </source>
      <source id="mixamorig_Hips-Matrix-animation-output-transform">
        <float_array id="mixamorig_Hips-Matrix-animation-output-transform-array" count="352">

0.994194 0.106236 -0.017115 0.426490 -0.107527 0.974724 -0.195835 90.610191 -0.004122 0.196538 0.980487 0.078378 0.000000 0.000000 0.000000 1.000000
0.998814 0.039243 -0.028827 0.631873 -0.043473 0.985355 -0.164882 91.444313 0.021934 0.165940 0.985892 0.780060 0.000000 0.000000 0.000000 1.000000
0.998210 -0.051467 -0.030473 0.504408 0.045362 0.983500 -0.175129 94.107788 0.038984 0.173433 0.984074 1.698799 0.000000 0.000000 0.000000 1.000000
0.986200 -0.165390 -0.007498 0.289101 0.161296 0.970026 -0.181749 96.479691 0.037332 0.178031 0.983316 2.128911 0.000000 0.000000 0.000000 1.000000
0.981054 -0.191774 0.027501 0.204520 0.193512 0.963183 -0.186629 98.741280 0.009302 0.188415 0.982045 1.914040 0.000000 0.000000 0.000000 1.000000
0.988922 -0.144092 0.035645 0.147164 0.148273 0.970168 -0.191805 99.731247 -0.006944 0.194965 0.980786 1.280323 0.000000 0.000000 0.000000 1.000000
0.994103 -0.104284 0.029749 0.123479 0.107646 0.982157 -0.154209 99.791313 -0.013137 0.156502 0.987590 0.027084 0.000000 0.000000 0.000000 1.000000
0.996653 -0.050580 0.064216 0.230699 0.058822 0.989269 -0.133738 98.240280 -0.056763 0.137068 0.988934 -0.573709 0.000000 0.000000 0.000000 1.000000
0.995575 -0.035869 0.086851 0.184194 0.047914 0.988872 -0.140844 95.126404 -0.080833 0.144382 0.986215 -0.628809 0.000000 0.000000 0.000000 1.000000
0.995409 -0.046103 0.083876 -0.126455 0.060142 0.983009 -0.173423 92.589478 -0.074455 0.177671 0.981269 -0.209277 0.000000 0.000000 0.000000 1.000000
0.996017 -0.053947 0.070989 -0.985096 0.066192 0.980817 -0.183348 90.314491 -0.059736 0.187316 0.980482 0.393982 0.000000 0.000000 0.000000 1.000000
0.997233 -0.000525 0.074340 -1.794053 0.014083 0.983203 -0.181969 90.406456 -0.072995 0.182512 0.980490 1.030611 0.000000 0.000000 0.000000 1.000000
0.994510 0.058808 0.086556 -1.681308 -0.041748 0.981445 -0.187142 92.713615 -0.095955 0.182501 0.978512 1.634044 0.000000 0.000000 0.000000 1.000000
0.994633 0.094027 0.043170 -1.391491 -0.084490 0.978980 -0.185634 96.037872 -0.059717 0.180990 0.981670 1.975764 0.000000 0.000000 0.000000 1.000000
0.992797 0.119264 0.011389 -0.850148 -0.115266 0.976770 -0.180650 98.433090 -0.032669 0.178036 0.983482 1.662707 0.000000 0.000000 0.000000 1.000000
0.997817 0.061871 0.023102 -0.815347 -0.057182 0.984376 -0.166534 99.924065 -0.033045 0.164849 0.985765 0.998430 0.000000 0.000000 0.000000 1.000000
0.998557 -0.047607 0.024866 -1.112284 0.050636 0.988818 -0.140270 100.360649 -0.017910 0.141327 0.989801 0.388268 0.000000 0.000000 0.000000 1.000000
0.998954 -0.044533 0.010417 -1.193794 0.045455 0.991916 -0.118477 99.645645 -0.005056 0.118827 0.992902 -0.625512 0.000000 0.000000 0.000000 1.000000
0.999732 -0.005601 -0.022465 -0.986459 0.002992 0.993416 -0.114522 97.785187 0.022958 0.114424 0.993167 -1.053560 0.000000 0.000000 0.000000 1.000000
0.997853 0.059187 -0.028037 -0.307628 -0.062289 0.989927 -0.127142 94.766678 0.020230 0.128615 0.991488 -0.934796 0.000000 0.000000 0.000000 1.000000
0.994533 0.103523 -0.013664 0.069732 -0.104335 0.979852 -0.170307 92.065575 -0.004242 0.170802 0.985296 -0.578638 0.000000 0.000000 0.000000 1.000000
0.994194 0.106236 -0.017115 0.426490 -0.107527 0.974724 -0.195835 90.610191 -0.004122 0.196538 0.980487 0.078378 0.000000 0.000000 0.000000 1.000000</float_array>
        <technique_common>
          <accessor source="#mixamorig_Hips-Matrix-animation-output-transform-array" count="22" stride="16">
            <param type="float4x4"/>
          </accessor>
        </technique_common>
      </source>
      <source id="mixamorig_Hips-Interpolations">
        <Name_array id="mixamorig_Hips-Interpolations-array" count="22">
 LINEAR LINEAR LINEAR LINEAR LINEAR LINEAR LINEAR LINEAR LINEAR LINEAR LINEAR
LINEAR LINEAR LINEAR LINEAR LINEAR LINEAR LINEAR LINEAR LINEAR LINEAR LINEAR</Name_array>
        <technique_common>
          <accessor source="#mixamorig_Hips-Interpolations-array" count="22">
            <param type="name"/>
          </accessor>
        </technique_common>
      </source>
      <sampler id="mixamorig_Hips-Matrix-animation-transform">
        <input semantic="INPUT" source="#mixamorig_Hips-Matrix-animation-input"/>
        <input semantic="OUTPUT" source="#mixamorig_Hips-Matrix-animation-output-transform"/>
        <input semantic="INTERPOLATION" source="#mixamorig_Hips-Interpolations"/>
      </sampler>
      <channel source="#mixamorig_Hips-Matrix-animation-transform" target="mixamorig_Hips/matrix"/>
    </animation>
    <animation id="mixamorig_Spine-anim" name="mixamorig_Spine">
      <source id="mixamorig_Spine-Matrix-animation-input">
        <float_array id="mixamorig_Spine-Matrix-animation-input-array" count="22">

0.000000 0.033333 0.066667 0.100000 0.133333 0.166667 0.200000 0.233333 0.266667 0.300000 0.333333 0.366667 0.400000 0.433333 0.466667 0.500000
0.533333 0.566667 0.600000 0.633333 0.666667 0.700000</float_array>
        <technique_common>
          <accessor source="#mixamorig_Spine-Matrix-animation-input-array" count="22">
            <param name="TIME" type="float"/>
          </accessor>
        </technique_common>
      </source>
      <source id="mixamorig_Spine-Matrix-animation-output-transform">
        <float_array id="mixamorig_Spine-Matrix-animation-output-transform-array" count="352">

0.988714 -0.149668 0.006622 -0.038100 0.149800 0.988260 -0.030020 9.490500 -0.002051 0.030673 0.999527 -1.392100 0.000000 0.000000 0.000000 1.000000
0.991245 -0.078117 0.106447 -0.038100 0.082462 0.995906 -0.037036 9.490500 -0.103118 0.045489 0.993628 -1.392100 0.000000 0.000000 0.000000 1.000000
0.984329 0.024365 0.174649 -0.038100 -0.020723 0.999529 -0.022645 9.490500 -0.175118 0.018671 0.984370 -1.392100 0.000000 0.000000 0.000000 1.000000
0.961025 0.161033 0.224722 -0.038100 -0.158441 0.986923 -0.029641 9.490500 -0.226556 -0.007119 0.973972 -1.392100 0.000000 0.000000 0.000000 1.000000
0.942882 0.190880 0.273017 -0.038100 -0.193908 0.980887 -0.016114 9.490500 -0.270874 -0.037746 0.961874 -1.392100 0.000000 0.000000 0.000000 1.000000
0.942860 0.141402 0.301696 -0.038100 -0.152612 0.988190 0.013786 9.490500 -0.296184 -0.059040 0.953305 -1.392100 0.000000 0.000000 0.000000 1.000000
0.956264 0.099998 0.274882 -0.038100 -0.107951 0.994059 0.013918 9.490500 -0.271858 -0.042983 0.961377 -1.392100 0.000000 0.000000 0.000000 1.000000
0.982909 0.039566 0.179789 -0.038100 -0.044741 0.998690 0.024816 9.490500 -0.178572 -0.032436 0.983392 -1.392100 0.000000 0.000000 0.000000 1.000000
0.995771 0.027012 0.087814 -0.038100 -0.029751 0.999106 0.030035 9.490500 -0.086924 -0.032521 0.995684 -1.392100 0.000000 0.000000 0.000000 1.000000
0.998903 0.045737 0.010062 -0.038100 -0.045911 0.998788 0.017765 9.490500 -0.009237 -0.018207 0.999792 -1.392100 0.000000 0.000000 0.000000 1.000000
0.995355 0.075542 -0.059681 -0.038100 -0.075750 0.997126 -0.001229 9.490500 0.059416 0.005744 0.998217 -1.392100 0.000000 0.000000 0.000000 1.000000
0.990284 0.029782 -0.135835 -0.038100 -0.031995 0.999388 -0.014140 9.490500 0.135331 0.018348 0.990631 -1.392100 0.000000 0.000000 0.000000 1.000000
0.975344 -0.027079 -0.219022 -0.038100 0.021763 0.999408 -0.026651 9.490500 0.219614 0.021228 0.975356 -1.392100 0.000000 0.000000 0.000000 1.000000
0.959665 -0.063336 -0.273918 -0.038100 0.058301 0.997947 -0.026493 9.490500 0.275033 0.009455 0.961388 -1.392100 0.000000 0.000000 0.000000 1.000000
0.932453 -0.104271 -0.345917 -0.038100 0.099294 0.994539 -0.032133 9.490500 0.347379 -0.004385 0.937715 -1.392100 0.000000 0.000000 0.000000 1.000000
0.912308 -0.033241 -0.408152 -0.038100 0.034810 0.999388 -0.003584 9.490500 0.408021 -0.010938 0.912907 -1.392100 0.000000 0.000000 0.000000 1.000000
0.903847 0.101953 -0.415532 -0.038100 -0.089018 0.994752 0.050440 9.490500 0.418493 -0.008600 0.908179 -1.392100 0.000000 0.000000 0.000000 1.000000
0.919450 0.091053 -0.382520 -0.038100 -0.089219 0.995756 0.022574 9.490500 0.382952 0.013373 0.923672 -1.392100 0.000000 0.000000 0.000000 1.000000
0.948435 0.036673 -0.314842 -0.038100 -0.043302 0.998963 -0.014085 9.490500 0.313999 0.026992 0.949040 -1.392100 0.000000 0.000000 0.000000 1.000000
0.973903 -0.068346 -0.216428 -0.038100 0.060874 0.997302 -0.041014 9.490500 0.218647 0.026769 0.975437 -1.392100 0.000000 0.000000 0.000000 1.000000
0.983306 -0.140681 -0.115407 -0.038100 0.137021 0.989796 -0.039093 9.490500 0.119729 0.022627 0.992549 -1.392100 0.000000 0.000000 0.000000 1.000000
0.988714 -0.149668 0.006622 -0.038100 0.149800 0.988260 -0.030020 9.490500 -0.002051 0.030673 0.999527 -1.392100 0.000000 0.000000 0.000000 1.000000</float_array>
        <technique_common>
          <accessor source="#mixamorig_Spine-Matrix-animation-output-transform-array" count="22" stride="16">
            <param type="float4x4"/>
          </accessor>
        </technique_common>
      </source>
      <source id="mixamorig_Spine-Interpolations">
        <Name_array id="mixamorig_Spine-Interpolations-array" count="22">
 LINEAR LINEAR LINEAR LINEAR LINEAR LINEAR LINEAR LINEAR LINEAR LINEAR LINEAR
LINEAR LINEAR LINEAR LINEAR LINEAR LINEAR LINEAR LINEAR LINEAR LINEAR LINEAR</Name_array>
        <technique_common>
          <accessor source="#mixamorig_Spine-Interpolations-array" count="22">
            <param type="name"/>
          </accessor>
        </technique_common>
      </source>
      <sampler id="mixamorig_Spine-Matrix-animation-transform">
        <input semantic="INPUT" source="#mixamorig_Spine-Matrix-animation-input"/>
        <input semantic="OUTPUT" source="#mixamorig_Spine-Matrix-animation-output-transform"/>
        <input semantic="INTERPOLATION" source="#mixamorig_Spine-Interpolations"/>
      </sampler>
      <channel source="#mixamorig_Spine-Matrix-animation-transform" target="mixamorig_Spine/matrix"/>
    </animation>
    <animation id="mixamorig_Spine1-anim" name="mixamorig_Spine1">
      <source id="mixamorig_Spine1-Matrix-animation-input">
        <float_array id="mixamorig_Spine1-Matrix-animation-input-array" count="22">

0.000000 0.033333 0.066667 0.100000 0.133333 0.166667 0.200000 0.233333 0.266667 0.300000 0.333333 0.366667 0.400000 0.433333 0.466667 0.500000
0.533333 0.566667 0.600000 0.633333 0.666667 0.700000</float_array>
        <technique_common>
          <accessor source="#mixamorig_Spine1-Matrix-animation-input-array" count="22">
            <param name="TIME" type="float"/>
          </accessor>
        </technique_common>
      </source>
      <source id="mixamorig_Spine1-Matrix-animation-output-transform">
        <float_array id="mixamorig_Spine1-Matrix-animation-output-transform-array" count="352">

0.999960 -0.008662 -0.002240 -0.000000 0.008577 0.999336 -0.035405 11.190800 0.002545 0.035384 0.999371 0.000000 0.000000 0.000000 0.000000 1.000000
0.998902 -0.010002 0.045776 0.000000 0.011961 0.999016 -0.042711 11.190800 -0.045304 0.043211 0.998038 0.000000 0.000000 0.000000 0.000000 1.000000
0.997294 -0.008436 0.073030 0.000000 0.010749 0.999451 -0.031332 11.190800 -0.072726 0.032032 0.996837 0.000000 0.000000 0.000000 0.000000 1.000000
0.996328 -0.003873 0.085530 -0.000000 0.005696 0.999761 -0.021085 11.190800 -0.085428 0.021495 0.996112 0.000000 0.000000 0.000000 0.000000 1.000000
0.995114 -0.000813 0.098725 0.000000 0.001643 0.999964 -0.008323 11.190800 -0.098715 0.008444 0.995080 -0.000000 0.000000 0.000000 0.000000 1.000000
0.994502 -0.007668 0.104434 0.000000 0.007381 0.999968 0.003131 11.190800 -0.104455 -0.002343 0.994527 0.000000 0.000000 0.000000 0.000000 1.000000
0.995414 -0.007776 0.095341 -0.000000 0.008019 0.999966 -0.002163 11.190800 -0.095321 0.002918 0.995442 0.000000 0.000000 0.000000 0.000000 1.000000
0.997216 0.000500 0.074565 0.000000 -0.000095 0.999985 -0.005422 11.190800 -0.074566 0.005400 0.997201 0.000000 0.000000 0.000000 0.000000 1.000000
0.998582 0.011137 0.052063 0.000000 -0.010918 0.999930 -0.004483 11.190800 -0.052110 0.003908 0.998634 0.000000 0.000000 0.000000 0.000000 1.000000
0.999557 0.021563 0.020505 -0.000000 -0.021441 0.999751 -0.006133 11.190800 -0.020632 0.005690 0.999771 0.000000 0.000000 0.000000 0.000000 1.000000
0.999545 0.026376 -0.014637 0.000000 -0.026514 0.999605 -0.009304 11.190800 0.014386 0.009688 0.999850 -0.000000 0.000000 0.000000 0.000000 1.000000
0.998366 0.023226 -0.052214 0.000000 -0.023955 0.999623 -0.013384 11.190800 0.051884 0.014613 0.998546 0.000000 0.000000 0.000000 0.000000 1.000000
0.995119 0.019085 -0.096818 0.000000 -0.020716 0.999660 -0.015860 11.190800 0.096482 0.017788 0.995176 -0.000000 0.000000 0.000000 0.000000 1.000000
0.991922 0.014935 -0.125966 0.000000 -0.016470 0.999802 -0.011157 11.190800 0.125775 0.013141 0.991972 0.000000 0.000000 0.000000 0.000000 1.000000
0.989348 0.016428 -0.144639 0.000000 -0.017501 0.999828 -0.006154 11.190800 0.144513 0.008620 0.989465 0.000000 0.000000 0.000000 0.000000 1.000000
0.988336 0.020063 -0.150960 -0.000000 -0.021066 0.999765 -0.005048 11.190800 0.150823 0.008169 0.988527 0.000000 0.000000 0.000000 0.000000 1.000000
0.987478 0.027195 -0.155393 0.000000 -0.028305 0.999587 -0.004933 11.190800 0.155195 0.009269 0.987840 0.000000 0.000000 0.000000 0.000000 1.000000
0.988244 0.034595 -0.148919 0.000000 -0.037054 0.999218 -0.013766 11.190800 0.148327 0.019122 0.988754 0.000000 0.000000 0.000000 0.000000 1.000000
0.991416 0.022030 -0.128879 0.000000 -0.025555 0.999341 -0.025759 11.190800 0.128227 0.028832 0.991326 0.000000 0.000000 0.000000 0.000000 1.000000
0.995143 0.008602 -0.098059 -0.000000 -0.011551 0.999497 -0.029545 11.190800 0.097755 0.030535 0.994742 -0.000000 0.000000 0.000000 0.000000 1.000000
0.998322 0.001703 -0.057884 0.000000 -0.003480 0.999525 -0.030609 11.190800 0.057804 0.030759 0.997854 -0.000000 0.000000 0.000000 0.000000 1.000000
0.999960 -0.008662 -0.002240 -0.000000 0.008577 0.999336 -0.035405 11.190800 0.002545 0.035384 0.999371 0.000000 0.000000 0.000000 0.000000 1.000000</float_array>
        <technique_common>
          <accessor source="#mixamorig_Spine1-Matrix-animation-output-transform-array" count="22" stride="16">
            <param type="float4x4"/>
          </accessor>
        </technique_common>
      </source>
      <source id="mixamorig_Spine1-Interpolations">
        <Name_array id="mixamorig_Spine1-Interpolations-array" count="22">
 LINEAR LINEAR LINEAR LINEAR LINEAR LINEAR LINEAR LINEAR LINEAR LINEAR LINEAR
LINEAR LINEAR LINEAR LINEAR LINEAR LINEAR LINEAR LINEAR LINEAR LINEAR LINEAR</Name_array>
        <technique_common>
          <accessor source="#mixamorig_Spine1-Interpolations-array" count="22">
            <param type="name"/>
          </accessor>
        </technique_common>
      </source>
      <sampler id="mixamorig_Spine1-Matrix-animation-transform">
        <input semantic="INPUT" source="#mixamorig_Spine1-Matrix-animation-input"/>
        <input semantic="OUTPUT" source="#mixamorig_Spine1-Matrix-animation-output-transform"/>
        <input semantic="INTERPOLATION" source="#mixamorig_Spine1-Interpolations"/>
      </sampler>
      <channel source="#mixamorig_Spine1-Matrix-animation-transform" target="mixamorig_Spine1/matrix"/>
    </animation>
    <animation id="mixamorig_Spine2-anim" name="mixamorig_Spine2">
      <source id="mixamorig_Spine2-Matrix-animation-input">
        <float_array id="mixamorig_Spine2-Matrix-animation-input-array" count="22">

0.000000 0.033333 0.066667 0.100000 0.133333 0.166667 0.200000 0.233333 0.266667 0.300000 0.333333 0.366667 0.400000 0.433333 0.466667 0.500000
0.533333 0.566667 0.600000 0.633333 0.666667 0.700000</float_array>
        <technique_common>
          <accessor source="#mixamorig_Spine2-Matrix-animation-input-array" count="22">
            <param name="TIME" type="float"/>
          </accessor>
        </technique_common>
      </source>
      <source id="mixamorig_Spine2-Matrix-animation-output-transform">
        <float_array id="mixamorig_Spine2-Matrix-animation-output-transform-array" count="352">

0.999998 0.000607 -0.001762 0.000000 -0.000997 0.973052 -0.230585 12.789500 0.001575 0.230586 0.973051 0.000000 0.000000 0.000000 0.000000 1.000000
0.998895 0.006651 0.046516 0.000000 0.004591 0.971382 -0.237478 12.789500 -0.046764 0.237429 0.970279 -0.000000 0.000000 0.000000 0.000000 1.000000
0.997208 0.012353 0.073649 0.000000 0.004568 0.974287 -0.225263 12.789500 -0.074538 0.224971 0.971510 0.000000 0.000000 0.000000 0.000000 1.000000
0.996160 0.019084 0.085451 0.000000 -0.000380 0.976891 -0.213736 12.789500 -0.087555 0.212883 0.973147 0.000000 0.000000 0.000000 0.000000 1.000000
0.994916 0.024643 0.097643 0.000000 -0.004603 0.979712 -0.200357 12.789500 -0.100599 0.198889 0.974845 0.000000 0.000000 0.000000 0.000000 1.000000
0.994394 0.018819 0.104051 0.000000 0.001233 0.981905 -0.189368 12.789500 -0.105732 0.188435 0.976377 0.000000 0.000000 0.000000 0.000000 1.000000
0.995312 0.017666 0.095092 -0.000000 0.001295 0.980655 -0.195741 12.789500 -0.096710 0.194947 0.976034 0.000000 0.000000 0.000000 0.000000 1.000000
0.997061 0.022750 0.073151 0.000000 -0.007659 0.979706 -0.200294 12.789500 -0.076223 0.199145 0.977001 0.000000 0.000000 0.000000 0.000000 1.000000
0.998360 0.029474 0.049080 0.000000 -0.019094 0.979631 -0.199894 12.789500 -0.053972 0.198629 0.978587 0.000000 0.000000 0.000000 0.000000 1.000000
0.999282 0.034271 0.016142 0.000000 -0.030320 0.979001 -0.201590 12.789500 -0.022711 0.200956 0.979337 0.000000 0.000000 0.000000 0.000000 1.000000
0.999267 0.032729 -0.019850 0.000000 -0.036104 0.978147 -0.204758 12.789500 0.012714 0.205325 0.978611 0.000000 0.000000 0.000000 0.000000 1.000000
0.998156 0.022491 -0.056386 0.000000 -0.033807 0.977419 -0.208587 12.789500 0.050421 0.210108 0.976377 0.000000 0.000000 0.000000 0.000000 1.000000
0.994982 0.011099 -0.099441 0.000000 -0.031929 0.977090 -0.210418 12.789500 0.094828 0.212537 0.972541 0.000000 0.000000 0.000000 0.000000 1.000000
0.991820 0.002216 -0.127625 -0.000000 -0.028525 0.978412 -0.204686 12.789500 0.124416 0.206652 0.970472 0.000000 0.000000 0.000000 0.000000 1.000000
0.989215 0.001312 -0.146465 0.000000 -0.030596 0.979752 -0.197863 12.789500 0.143240 0.200211 0.969226 0.000000 0.000000 0.000000 0.000000 1.000000
0.988239 0.004493 -0.152849 -0.000000 -0.034896 0.979818 -0.196820 12.789500 0.148880 0.199839 0.968452 -0.000000 0.000000 0.000000 0.000000 1.000000
0.987349 0.011551 -0.158138 0.000000 -0.043098 0.979344 -0.197552 12.789500 0.152590 0.201869 0.967453 0.000000 0.000000 0.000000 0.000000 1.000000
0.987988 0.020531 -0.153161 0.000000 -0.052199 0.977218 -0.205719 12.789500 0.145448 0.211243 0.966551 0.000000 0.000000 0.000000 0.000000 1.000000
0.991224 0.011455 -0.131699 -0.000000 -0.040221 0.975141 -0.217904 12.789500 0.125929 0.221289 0.967043 0.000000 0.000000 0.000000 0.000000 1.000000
0.995051 0.002968 -0.099319 0.000000 -0.025113 0.974615 -0.222473 12.789500 0.096138 0.223866 0.969867 0.000000 0.000000 0.000000 0.000000 1.000000
0.998278 0.002603 -0.058605 0.000000 -0.015733 0.974294 -0.224730 12.789500 0.056514 0.225265 0.972657 0.000000 0.000000 0.000000 0.000000 1.000000
0.999998 0.000607 -0.001762 0.000000 -0.000997 0.973052 -0.230585 12.789500 0.001575 0.230586 0.973051 0.000000 0.000000 0.000000 0.000000 1.000000</float_array>
        <technique_common>
          <accessor source="#mixamorig_Spine2-Matrix-animation-output-transform-array" count="22" stride="16">
            <param type="float4x4"/>
          </accessor>
        </technique_common>
      </source>
      <source id="mixamorig_Spine2-Interpolations">
        <Name_array id="mixamorig_Spine2-Interpolations-array" count="22">
 LINEAR LINEAR LINEAR LINEAR LINEAR LINEAR LINEAR LINEAR LINEAR LINEAR LINEAR
LINEAR LINEAR LINEAR LINEAR LINEAR LINEAR LINEAR LINEAR LINEAR LINEAR LINEAR</Name_array>
        <technique_common>
          <accessor source="#mixamorig_Spine2-Interpolations-array" count="22">
            <param type="name"/>
          </accessor>
        </technique_common>
      </source>
      <sampler id="mixamorig_Spine2-Matrix-animation-transform">
        <input semantic="INPUT" source="#mixamorig_Spine2-Matrix-animation-input"/>
        <input semantic="OUTPUT" source="#mixamorig_Spine2-Matrix-animation-output-transform"/>
        <input semantic="INTERPOLATION" source="#mixamorig_Spine2-Interpolations"/>
      </sampler>
      <channel source="#mixamorig_Spine2-Matrix-animation-transform" target="mixamorig_Spine2/matrix"/>
    </animation>
    <animation id="mixamorig_Neck-anim" name="mixamorig_Neck">
      <source id="mixamorig_Neck-Matrix-animation-input">
        <float_array id="mixamorig_Neck-Matrix-animation-input-array" count="22">

0.000000 0.033333 0.066667 0.100000 0.133333 0.166667 0.200000 0.233333 0.266667 0.300000 0.333333 0.366667 0.400000 0.433333 0.466667 0.500000
0.533333 0.566667 0.600000 0.633333 0.666667 0.700000</float_array>
        <technique_common>
          <accessor source="#mixamorig_Neck-Matrix-animation-input-array" count="22">
            <param name="TIME" type="float"/>
          </accessor>
        </technique_common>
      </source>
      <source id="mixamorig_Neck-Matrix-animation-output-transform">
        <float_array id="mixamorig_Neck-Matrix-animation-output-transform-array" count="352">

0.999970 0.004850 -0.005963 -0.056900 -0.004440 0.997744 0.066992 14.235800 0.006275 -0.066963 0.997736 -2.088100 0.000000 0.000000 0.000000 1.000000
0.999451 0.001539 -0.033081 -0.056900 0.000453 0.998191 0.060114 14.235800 0.033114 -0.060096 0.997643 -2.088100 0.000000 0.000000 0.000000 1.000000
0.998808 0.024033 -0.042475 -0.056900 -0.022016 0.998636 0.047342 14.235800 0.043555 -0.046350 0.997975 -2.088100 0.000000 0.000000 0.000000 1.000000
0.998440 0.001062 -0.055820 -0.056900 0.001547 0.998909 0.046665 14.235800 0.055809 -0.046679 0.997350 -2.088100 0.000000 0.000000 0.000000 1.000000
0.997804 0.000383 -0.066231 -0.056900 0.002044 0.999329 0.036576 14.235800 0.066201 -0.036631 0.997134 -2.088100 0.000000 0.000000 0.000000 1.000000
0.997510 0.027251 -0.065054 -0.056900 -0.025981 0.999457 0.020290 14.235800 0.065572 -0.018550 0.997675 -2.088100 0.000000 0.000000 0.000000 1.000000
0.997994 0.017706 -0.060787 -0.056900 -0.016365 0.999613 0.022500 14.235800 0.061162 -0.021460 0.997897 -2.088100 0.000000 0.000000 0.000000 1.000000
0.998711 0.015572 -0.048306 -0.056900 -0.014423 0.999607 0.024055 14.235800 0.048661 -0.023327 0.998543 -2.088100 0.000000 0.000000 0.000000 1.000000
0.999365 0.012953 -0.033180 -0.056900 -0.011970 0.999489 0.029650 14.235800 0.033547 -0.029234 0.999009 -2.088100 0.000000 0.000000 0.000000 1.000000
0.999843 0.001727 -0.017623 -0.056900 -0.000798 0.998614 0.052624 14.235800 0.017690 -0.052602 0.998459 -2.088100 0.000000 0.000000 0.000000 1.000000
0.999684 -0.025064 -0.001698 -0.056900 0.025121 0.997686 0.063180 14.235800 0.000111 -0.063203 0.998001 -2.088100 0.000000 0.000000 0.000000 1.000000
0.999763 -0.007244 0.020518 -0.056900 0.006205 0.998717 0.050261 14.235800 -0.020856 -0.050122 0.998525 -2.088100 0.000000 0.000000 0.000000 1.000000
0.998745 -0.035298 0.035540 -0.056900 0.033788 0.998537 0.042224 14.235800 -0.036978 -0.040970 0.998476 -2.088100 0.000000 0.000000 0.000000 1.000000
0.997978 -0.027544 0.057276 -0.056900 0.024968 0.998665 0.045213 14.235800 -0.058445 -0.043692 0.997334 -2.088100 0.000000 0.000000 0.000000 1.000000
0.996738 0.001946 0.080686 -0.056900 -0.006437 0.998442 0.055434 14.235800 -0.080452 -0.055773 0.995197 -2.088100 0.000000 0.000000 0.000000 1.000000
0.996210 -0.012509 0.086080 -0.056900 0.008744 0.998995 0.043969 14.235800 -0.086544 -0.043050 0.995317 -2.088100 0.000000 0.000000 0.000000 1.000000
0.995533 -0.045314 0.082830 -0.056900 0.043698 0.998819 0.021221 14.235800 -0.083694 -0.017507 0.996338 -2.088100 0.000000 0.000000 0.000000 1.000000
0.995363 -0.055968 0.078237 -0.056900 0.054278 0.998248 0.023564 14.235800 -0.079418 -0.019208 0.996656 -2.088100 0.000000 0.000000 0.000000 1.000000
0.996859 -0.033754 0.071638 -0.056900 0.030571 0.998516 0.045065 14.235800 -0.073053 -0.042734 0.996412 -2.088100 0.000000 0.000000 0.000000 1.000000
0.998311 -0.000334 0.058087 -0.056900 -0.003354 0.997983 0.063388 14.235800 -0.057991 -0.063476 0.996297 -2.088100 0.000000 0.000000 0.000000 1.000000
0.999499 0.008562 0.030467 -0.056900 -0.010556 0.997771 0.065892 14.235800 -0.029835 -0.066181 0.997362 -2.088100 0.000000 0.000000 0.000000 1.000000
0.999970 0.004850 -0.005963 -0.056900 -0.004440 0.997744 0.066992 14.235800 0.006275 -0.066963 0.997736 -2.088100 0.000000 0.000000 0.000000 1.000000</float_array>
        <technique_common>
          <accessor source="#mixamorig_Neck-Matrix-animation-output-transform-array" count="22" stride="16">
            <param type="float4x4"/>
          </accessor>
        </technique_common>
      </source>
      <source id="mixamorig_Neck-Interpolations">
        <Name_array id="mixamorig_Neck-Interpolations-array" count="22">
 LINEAR LINEAR LINEAR LINEAR LINEAR LINEAR LINEAR LINEAR LINEAR LINEAR LINEAR
LINEAR LINEAR LINEAR LINEAR LINEAR LINEAR LINEAR LINEAR LINEAR LINEAR LINEAR</Name_array>
        <technique_common>
          <accessor source="#mixamorig_Neck-Interpolations-array" count="22">
            <param type="name"/>
          </accessor>
        </technique_common>
      </source>
      <sampler id="mixamorig_Neck-Matrix-animation-transform">
        <input semantic="INPUT" source="#mixamorig_Neck-Matrix-animation-input"/>
        <input semantic="OUTPUT" source="#mixamorig_Neck-Matrix-animation-output-transform"/>
        <input semantic="INTERPOLATION" source="#mixamorig_Neck-Interpolations"/>
      </sampler>
      <channel source="#mixamorig_Neck-Matrix-animation-transform" target="mixamorig_Neck/matrix"/>
    </animation>
    <animation id="mixamorig_Head-anim" name="mixamorig_Head">
      <source id="mixamorig_Head-Matrix-animation-input">
        <float_array id="mixamorig_Head-Matrix-animation-input-array" count="22">

0.000000 0.033333 0.066667 0.100000 0.133333 0.166667 0.200000 0.233333 0.266667 0.300000 0.333333 0.366667 0.400000 0.433333 0.466667 0.500000
0.533333 0.566667 0.600000 0.633333 0.666667 0.700000</float_array>
        <technique_common>
          <accessor source="#mixamorig_Head-Matrix-animation-input-array" count="22">
            <param name="TIME" type="float"/>
          </accessor>
        </technique_common>
      </source>
      <source id="mixamorig_Head-Matrix-animation-output-transform">
        <float_array id="mixamorig_Head-Matrix-animation-output-transform-array" count="352">

0.998399 0.054764 0.014124 -0.000000 -0.056531 0.958949 0.277887 3.280200 0.001674 -0.278240 0.960510 0.313300 0.000000 0.000000 0.000000 1.000000
0.989400 0.074373 -0.124724 0.000000 -0.039607 0.964536 0.260961 3.280200 0.139709 -0.253255 0.957258 0.313300 0.000000 0.000000 0.000000 1.000000
0.971698 0.020755 -0.235312 0.000000 0.025128 0.981400 0.190322 3.280200 0.234885 -0.190849 0.953103 0.313300 0.000000 0.000000 0.000000 1.000000
0.952070 -0.005718 -0.305826 0.000000 0.047650 0.990392 0.129822 3.280200 0.302146 -0.138172 0.943195 0.313300 0.000000 0.000000 0.000000 1.000000
0.917800 -0.036766 -0.395336 0.000000 0.074312 0.994015 0.080078 3.280200 0.390026 -0.102873 0.915039 0.313300 0.000000 0.000000 0.000000 1.000000
0.896920 -0.064710 -0.437432 0.000000 0.087056 0.995715 0.031203 3.280200 0.433539 -0.066068 0.898710 0.313300 0.000000 0.000000 0.000000 1.000000
0.915019 -0.058461 -0.399153 0.000000 0.068296 0.997610 0.010449 3.280200 0.397588 -0.036821 0.916825 0.313300 0.000000 0.000000 0.000000 1.000000
0.944794 -0.049935 -0.323837 0.000000 0.060101 0.997962 0.021462 3.280200 0.322105 -0.039740 0.945869 0.313300 0.000000 0.000000 0.000000 1.000000
0.972025 -0.043426 -0.230828 0.000000 0.055662 0.997354 0.046762 3.280200 0.228187 -0.058302 0.971870 0.313300 0.000000 0.000000 0.000000 1.000000
0.991883 -0.023806 -0.124905 0.000000 0.039931 0.990940 0.128233 3.280200 0.120720 -0.132180 0.983847 0.313300 0.000000 0.000000 0.000000 1.000000
0.999641 -0.024603 0.010615 0.000000 0.021866 0.977981 0.207544 3.280200 -0.015488 -0.207237 0.978168 0.313300 0.000000 0.000000 0.000000 1.000000
0.993009 -0.041417 0.110537 0.000000 0.016527 0.975983 0.217219 3.280200 -0.116879 -0.213873 0.969844 0.313300 0.000000 0.000000 0.000000 1.000000
0.969125 -0.017091 0.245976 0.000000 -0.036029 0.977071 0.209841 3.280200 -0.243923 -0.212225 0.946289 0.313300 0.000000 0.000000 0.000000 1.000000
0.929141 -0.000617 0.369726 0.000000 -0.067609 0.982854 0.171545 3.280200 -0.363492 -0.184387 0.913168 0.313300 0.000000 0.000000 0.000000 1.000000
0.885980 0.006699 0.463674 0.000000 -0.065703 0.991622 0.111217 3.280200 -0.459045 -0.129001 0.878998 0.313300 0.000000 0.000000 0.000000 1.000000
0.853810 0.024107 0.520027 0.000000 -0.067857 0.995558 0.065261 3.280200 -0.516144 -0.091008 0.851653 0.313300 0.000000 0.000000 0.000000 1.000000
0.844130 0.035657 0.534951 -0.000000 -0.078286 0.995289 0.057190 3.280200 -0.530392 -0.090155 0.842945 0.313300 0.000000 0.000000 0.000000 1.000000
0.858920 0.020919 0.511682 0.000000 -0.079488 0.992502 0.092855 3.280200 -0.505903 -0.120428 0.854143 0.313300 0.000000 0.000000 0.000000 1.000000
0.893553 0.005191 0.448928 0.000000 -0.076349 0.987125 0.140553 3.280200 -0.442418 -0.159867 0.882445 0.313300 0.000000 0.000000 0.000000 1.000000
0.943098 0.003113 0.332499 0.000000 -0.062970 0.983534 0.169400 3.280200 -0.326497 -0.180698 0.927765 0.313300 0.000000 0.000000 0.000000 1.000000
0.982797 0.010230 0.184404 0.000000 -0.050469 0.975338 0.214869 3.280200 -0.177658 -0.220479 0.959076 0.313300 0.000000 0.000000 0.000000 1.000000
0.998399 0.054764 0.014124 0.000000 -0.056531 0.958949 0.277887 3.280200 0.001674 -0.278240 0.960510 0.313300 0.000000 0.000000 0.000000 1.000000</float_array>
        <technique_common>
          <accessor source="#mixamorig_Head-Matrix-animation-output-transform-array" count="22" stride="16">
            <param type="float4x4"/>
          </accessor>
        </technique_common>
      </source>
      <source id="mixamorig_Head-Interpolations">
        <Name_array id="mixamorig_Head-Interpolations-array" count="22">
 LINEAR LINEAR LINEAR LINEAR LINEAR LINEAR LINEAR LINEAR LINEAR LINEAR LINEAR
LINEAR LINEAR LINEAR LINEAR LINEAR LINEAR LINEAR LINEAR LINEAR LINEAR LINEAR</Name_array>
        <technique_common>
          <accessor source="#mixamorig_Head-Interpolations-array" count="22">
            <param type="name"/>
          </accessor>
        </technique_common>
      </source>
      <sampler id="mixamorig_Head-Matrix-animation-transform">
        <input semantic="INPUT" source="#mixamorig_Head-Matrix-animation-input"/>
        <input semantic="OUTPUT" source="#mixamorig_Head-Matrix-animation-output-transform"/>
        <input semantic="INTERPOLATION" source="#mixamorig_Head-Interpolations"/>
      </sampler>
      <channel source="#mixamorig_Head-Matrix-animation-transform" target="mixamorig_Head/matrix"/>
    </animation>
    <animation id="mixamorig_LeftShoulder-anim" name="mixamorig_LeftShoulder">
      <source id="mixamorig_LeftShoulder-Matrix-animation-input">
        <float_array id="mixamorig_LeftShoulder-Matrix-animation-input-array" count="22">

0.000000 0.033333 0.066667 0.100000 0.133333 0.166667 0.200000 0.233333 0.266667 0.300000 0.333333 0.366667 0.400000 0.433333 0.466667 0.500000
0.533333 0.566667 0.600000 0.633333 0.666667 0.700000</float_array>
        <technique_common>
          <accessor source="#mixamorig_LeftShoulder-Matrix-animation-input-array" count="22">
            <param name="TIME" type="float"/>
          </accessor>
        </technique_common>
      </source>
      <source id="mixamorig_LeftShoulder-Matrix-animation-output-transform">
        <float_array id="mixamorig_LeftShoulder-Matrix-animation-output-transform-array" count="352">

0.078954 0.907096 -0.413452 6.728800 0.008004 -0.415310 -0.909645 11.756600 -0.996846 0.068511 -0.040051 -2.058500 0.000000 0.000000 0.000000 1.000000
0.077803 0.916078 -0.393380 6.728800 0.008287 -0.395157 -0.918576 11.756600 -0.996934 0.068208 -0.038336 -2.058500 0.000000 0.000000 0.000000 1.000000
0.031674 0.932346 -0.360177 6.728800 0.008061 -0.360584 -0.932692 11.756600 -0.999466 0.026639 -0.018937 -2.058500 0.000000 0.000000 0.000000 1.000000
-0.011355 0.948335 -0.317067 6.728800 0.005922 -0.317018 -0.948401 11.756600 -0.999918 -0.012647 -0.002016 -2.058500 0.000000 0.000000 0.000000 1.000000
-0.008152 0.967549 -0.252550 6.728800 0.004054 -0.252525 -0.967582 11.756600 -0.999959 -0.008912 -0.001864 -2.058500 0.000000 0.000000 0.000000 1.000000
-0.003315 0.975477 -0.220078 6.728800 0.001503 -0.220074 -0.975482 11.756600 -0.999993 -0.003564 -0.000737 -2.058500 0.000000 0.000000 0.000000 1.000000
-0.010546 0.976895 -0.213458 6.728800 -0.000560 -0.213476 -0.976948 11.756600 -0.999944 -0.010183 0.002799 -2.058500 0.000000 0.000000 0.000000 1.000000
0.012674 0.971643 -0.236112 6.728800 0.005232 -0.236192 -0.971692 11.756600 -0.999906 0.011080 -0.008078 -2.058500 0.000000 0.000000 0.000000 1.000000
0.071959 0.944962 -0.319170 6.728800 0.009086 -0.320608 -0.947169 11.756600 -0.997366 0.065257 -0.031657 -2.058500 0.000000 0.000000 0.000000 1.000000
0.145063 0.894561 -0.422751 6.728800 0.006271 -0.428093 -0.903713 11.756600 -0.989403 0.128444 -0.067710 -2.058500 0.000000 0.000000 0.000000 1.000000
0.162143 0.877457 -0.451419 6.728800 0.004003 -0.458054 -0.888915 11.756600 -0.986759 0.142324 -0.077783 -2.058500 0.000000 0.000000 0.000000 1.000000
0.173368 0.880257 -0.441691 6.728800 0.004237 -0.449145 -0.893449 11.756600 -0.984848 0.153024 -0.081597 -2.058500 0.000000 0.000000 0.000000 1.000000
0.195367 0.906287 -0.374802 6.728800 0.008473 -0.383711 -0.923414 11.756600 -0.980694 0.177229 -0.082643 -2.058500 0.000000 0.000000 0.000000 1.000000
0.166172 0.928474 -0.332150 6.728800 0.011230 -0.338593 -0.940866 11.756600 -0.986033 0.152616 -0.066692 -2.058500 0.000000 0.000000 0.000000 1.000000
0.122340 0.941159 -0.315043 6.728800 0.010926 -0.318686 -0.947797 11.756600 -0.992428 0.112512 -0.049271 -2.058500 0.000000 0.000000 0.000000 1.000000
0.097475 0.950606 -0.294699 6.728800 0.010568 -0.297081 -0.954794 11.756600 -0.995182 0.089955 -0.039004 -2.058500 0.000000 0.000000 0.000000 1.000000
0.086349 0.957012 -0.276896 6.728800 0.010373 -0.278783 -0.960298 11.756600 -0.996211 0.080049 -0.033999 -2.058500 0.000000 0.000000 0.000000 1.000000
0.088124 0.956459 -0.278244 6.728800 0.010459 -0.280203 -0.959884 11.756600 -0.996055 0.081679 -0.034696 -2.058500 0.000000 0.000000 0.000000 1.000000
0.086519 0.945141 -0.314998 6.728800 0.009733 -0.316970 -0.948385 11.756600 -0.996203 0.078988 -0.036624 -2.058500 0.000000 0.000000 0.000000 1.000000
0.092329 0.924604 -0.369571 6.728800 0.008785 -0.371899 -0.928232 11.756600 -0.995690 0.082456 -0.042460 -2.058500 0.000000 0.000000 0.000000 1.000000
0.073888 0.917609 -0.390557 6.728800 0.008385 -0.392185 -0.919848 11.756600 -0.997231 0.064691 -0.036673 -2.058500 0.000000 0.000000 0.000000 1.000000
0.078954 0.907096 -0.413452 6.728800 0.008004 -0.415311 -0.909644 11.756600 -0.996846 0.068511 -0.040051 -2.058500 0.000000 0.000000 0.000000 1.000000</float_array>
        <technique_common>
          <accessor source="#mixamorig_LeftShoulder-Matrix-animation-output-transform-array" count="22" stride="16">
            <param type="float4x4"/>
          </accessor>
        </technique_common>
      </source>
      <source id="mixamorig_LeftShoulder-Interpolations">
        <Name_array id="mixamorig_LeftShoulder-Interpolations-array" count="22">
 LINEAR LINEAR LINEAR LINEAR LINEAR LINEAR LINEAR LINEAR LINEAR LINEAR LINEAR
LINEAR LINEAR LINEAR LINEAR LINEAR LINEAR LINEAR LINEAR LINEAR LINEAR LINEAR</Name_array>
        <technique_common>
          <accessor source="#mixamorig_LeftShoulder-Interpolations-array" count="22">
            <param type="name"/>
          </accessor>
        </technique_common>
      </source>
      <sampler id="mixamorig_LeftShoulder-Matrix-animation-transform">
        <input semantic="INPUT" source="#mixamorig_LeftShoulder-Matrix-animation-input"/>
        <input semantic="OUTPUT" source="#mixamorig_LeftShoulder-Matrix-animation-output-transform"/>
        <input semantic="INTERPOLATION" source="#mixamorig_LeftShoulder-Interpolations"/>
      </sampler>
      <channel source="#mixamorig_LeftShoulder-Matrix-animation-transform" target="mixamorig_LeftShoulder/matrix"/>
    </animation>
    <animation id="mixamorig_LeftArm-anim" name="mixamorig_LeftArm">
      <source id="mixamorig_LeftArm-Matrix-animation-input">
        <float_array id="mixamorig_LeftArm-Matrix-animation-input-array" count="22">

0.000000 0.033333 0.066667 0.100000 0.133333 0.166667 0.200000 0.233333 0.266667 0.300000 0.333333 0.366667 0.400000 0.433333 0.466667 0.500000
0.533333 0.566667 0.600000 0.633333 0.666667 0.700000</float_array>
        <technique_common>
          <accessor source="#mixamorig_LeftArm-Matrix-animation-input-array" count="22">
            <param name="TIME" type="float"/>
          </accessor>
        </technique_common>
      </source>
      <source id="mixamorig_LeftArm-Matrix-animation-output-transform">
        <float_array id="mixamorig_LeftArm-Matrix-animation-output-transform-array" count="352">

0.967300 0.157300 0.198966 0.000000 0.025156 0.721089 -0.692386 14.448800 -0.252384 0.674750 0.693552 0.000000 0.000000 0.000000 0.000000 1.000000
0.944195 0.241701 0.223778 0.000000 -0.029512 0.738721 -0.673365 14.448800 -0.328063 0.629184 0.704629 0.000000 0.000000 0.000000 0.000000 1.000000
0.882688 0.342532 0.321766 -0.000000 -0.055450 0.755794 -0.652457 14.448800 -0.466676 0.558074 0.686124 0.000000 0.000000 0.000000 0.000000 1.000000
0.814615 0.404894 0.415288 -0.000000 -0.071825 0.780921 -0.620487 14.448800 -0.575538 0.475630 0.665231 0.000000 0.000000 0.000000 0.000000 1.000000
0.739346 0.458961 0.492669 -0.000000 -0.067421 0.778480 -0.624038 14.448800 -0.669942 0.428164 0.606509 0.000000 0.000000 0.000000 0.000000 1.000000
0.685121 0.510392 0.519720 0.000000 -0.082445 0.763229 -0.640847 14.448800 -0.723748 0.396210 0.564983 0.000000 0.000000 0.000000 0.000000 1.000000
0.677089 0.559214 0.478362 0.000000 -0.118510 0.724410 -0.679107 14.448800 -0.726296 0.403125 0.556762 0.000000 0.000000 0.000000 0.000000 1.000000
0.719350 0.578665 0.384294 0.000000 -0.156389 0.673929 -0.722054 14.448800 -0.676815 0.459311 0.575288 -0.000000 0.000000 0.000000 0.000000 1.000000
0.815762 0.517024 0.259266 0.000000 -0.202625 0.675313 -0.709151 14.448800 -0.541734 0.525965 0.655656 0.000000 0.000000 0.000000 0.000000 1.000000
